1,50,4.0,1329753504
1,296,4.0,1329753602
1,318,4.5,1329753494
1,527,4.5,1329753507
1,541,3.0,1329753607
1,608,4.0,1329753638
1,750,3.0,1329753525
1,858,4.5,1329753498
1,1197,4.5,1329753573
1,1213,4.5,1329753565
1,1476,4.0,1329753106
1,1945,4.0,1329753569
1,1957,4.0,1329753070
1,2108,3.5,1329753057
1,2301,4.0,1329753190
1,2333,4.0,1329753182
1,2352,4.0,1329753079
1,2371,3.5,1329753082
1,2375,3.5,1329753221
1,2571,4.5,1329753546
1,2858,4.5,1329753561
1,2872,4.0,1329753092
1,3060,4.0,1329753137
1,3105,3.5,1329753086
1,3178,2.5,1329753176
1,3257,2.5,1329753115
1,3481,4.5,1329753799
1,3578,4.5,1329753859
1,3868,3.5,1329753065
1,3897,5.0,1329753716
1,3911,4.0,1329753998
1,3949,4.0,1329753900
1,4011,3.5,1329753904
1,4027,4.0,1329753895
1,4226,3.5,1329753434
1,4235,4.5,1329753897
1,4783,5.0,1329754027
1,4963,3.5,1329753976
1,4979,5.0,1329753751
1,4993,4.0,1329753445
1,4995,5.0,1329753888
1,5013,3.0,1329753103
1,5225,4.5,1329753709
1,5319,4.0,1329754078
1,5349,3.5,1329753867
1,5445,3.5,1329753973
1,5878,4.0,1329753704
1,5902,4.0,1329753825
1,5952,4.0,1329753457
1,5989,4.0,1329753837
1,6331,4.5,1329753749
1,6380,5.0,1329753988
1,6620,4.0,1329753969
1,6711,4.5,1329753821
1,7139,4.5,1329753830
1,7153,4.5,1329753599
1,7256,4.0,1329753948
1,7361,5.0,1329753448
1,8464,4.0,1329753755
1,8636,4.5,1329753851
1,8784,5.0,1329753697
1,8873,3.5,1329753702
1,8910,3.0,1329754284
1,8949,4.0,1329753693
1,8961,4.5,1329753924
1,8973,3.5,1329754009
1,30707,3.5,1329753712
1,30810,3.0,1329754281
1,32587,3.5,1329753937
1,33166,4.0,1329753906
1,38061,3.5,1329753962
1,38886,4.5,1329753743
1,40819,3.5,1329753817
1,41997,4.0,1329754213
1,44191,4.0,1329753920
1,44195,4.0,1329753863
1,44555,4.5,1329753424
1,46578,4.0,1329753833
1,48394,5.0,1329753918
1,48516,4.0,1329753452
1,49272,3.0,1329754120
1,50872,4.5,1329754003
1,53123,4.5,1329754021
1,55069,4.5,1329753739
1,55442,5.0,1329753688
1,55820,4.0,1329753994
1,56367,3.5,1329753875
1,57669,3.5,1329753913
1,58559,3.0,1329753428
1,59315,3.0,1329754126
1,60069,4.0,1329753916
1,60766,4.5,1329754092
1,61240,2.0,1329753811
1,63082,5.0,1329754040
1,64614,4.0,1329754223
1,64839,4.0,1329754064
1,66934,4.5,1329753437
1,68157,4.0,1329754109
1,68358,4.5,1329754047
1,68954,4.0,1329753942
1,69757,4.0,1329754188
1,79132,4.0,1329753531
1,91630,2.5,1329753268
1,91658,3.0,1329753263
2,19,1.0,1203077567
2,31,4.5,1202841563
2,44,0.5,1202841543
2,47,4.5,1202846082
2,110,4.0,1203076744
2,111,3.5,1203077002
2,163,4.0,1203077854
2,185,3.0,1203076926
2,208,4.0,1203076907
2,231,1.0,1203076858
2,253,5.0,1203076913
2,260,3.0,1203076749
2,296,4.5,1203076721
2,337,5.0,1202915160
2,350,3.5,1203077674
2,356,4.5,1203076725
2,364,5.0,1203076828
2,367,2.0,1202846118
2,377,3.5,1202845592
2,454,3.0,1203076919
2,500,3.5,1203076833
2,509,4.5,1203077637
2,520,1.5,1203077859
2,588,4.0,1203076786
2,589,0.5,1202845009
2,593,5.0,1203076734
2,595,4.0,1202845982
2,597,4.0,1202846094
2,708,3.5,1203077669
2,780,3.0,1203076761
2,832,4.0,1203077759
2,858,5.0,1202842430
2,920,3.5,1203077736
2,1036,1.0,1202922634
2,1061,5.0,1202842444
2,1073,4.0,1203076891
2,1101,3.5,1203077610
2,1183,4.5,1203077690
2,1193,5.0,1202842560
2,1240,0.5,1202846099
2,1246,5.0,1203077658
2,1247,5.0,1203077767
2,1270,2.0,1203076813
2,1380,4.5,1203077779
2,1391,1.0,1203077716
2,1407,1.0,1203077699
2,1485,1.0,1203077708
2,1517,0.5,1203077547
2,1527,3.0,1203076687
2,1537,2.0,1202841760
2,1580,1.0,1202845049
2,1645,5.0,1202841994
2,1682,3.5,1203077625
2,1688,4.5,1202841813
2,1721,4.5,1202844992
2,1735,4.5,1202841865
2,1835,4.5,1202844448
2,1917,4.5,1202922637
2,2011,1.0,1203077687
2,2380,1.0,1202841907
2,2396,4.0,1202845995
2,2485,4.0,1202841681
2,2571,5.0,1203076803
2,2692,4.0,1203077818
2,2701,0.5,1202841552
2,2706,1.0,1203077565
2,2710,3.5,1203077642
2,2719,1.0,1202841707
2,2724,3.0,1202841604
2,2762,5.0,1203076861
2,2858,5.0,1202937995
2,2959,5.0,1202842397
2,2997,4.0,1203076967
2,3147,5.0,1203077751
2,3479,5.0,1202842512
2,3578,4.5,1202842964
2,3744,3.5,1202841776
2,3751,3.0,1203077791
2,3753,4.0,1202843197
2,3793,2.0,1202845000
2,3910,3.5,1202843466
2,3977,1.5,1202846138
2,4022,3.0,1202846044
2,4155,4.5,1202844413
2,4226,4.0,1202842327
2,4259,4.5,1202937755
2,4306,4.5,1202842323
2,4308,5.0,1202842385
2,4372,4.0,1202844130
2,4720,4.0,1202843078
2,4874,5.0,1202842714
2,4901,3.5,1202843299
2,4973,4.5,1202842876
2,4975,2.5,1202844386
2,4993,2.5,1202842887
2,4995,4.5,1202842939
2,5218,4.0,1202843238
2,5349,2.0,1202842295
2,5418,1.5,1202844002
2,5445,3.5,1203077652
2,5668,3.0,1202842808
2,5791,4.0,1203077133
2,5878,4.0,1202843895
2,5903,4.0,1202842927
2,5952,3.5,1202842868
2,5989,4.0,1202841516
2,5991,5.0,1202843259
2,5992,4.0,1202915281
2,5995,4.0,1202843780
2,6059,4.0,1202844260
2,6218,1.0,1202843310
2,6377,3.5,1203077798
2,6539,4.5,1202842915
2,6542,3.5,1202915253
2,6662,1.0,1202937523
2,6870,4.5,1202937664
2,6874,1.5,1202843042
2,6927,4.0,1202914926
2,6942,3.0,1202843038
2,7147,4.5,1202842948
2,7151,3.0,1202843338
2,7153,4.0,1202842855
2,7162,3.0,1202843269
2,7254,2.5,1202842776
2,7293,4.0,1202844204
2,7361,4.5,1202914835
2,7362,4.0,1202915059
2,7364,4.0,1202843104
2,7438,1.5,1202843044
2,8464,1.0,1202844823
2,8533,5.0,1202842591
2,8598,5.0,1202842369
2,8636,1.0,1202844069
2,8665,1.5,1202841594
2,8833,3.0,1202844274
2,8866,4.0,1202844100
2,8958,4.5,1202843007
2,8970,4.5,1202842956
2,8981,4.0,1202842834
2,8983,3.0,1202841879
2,9010,5.0,1202842409
2,27821,4.0,1202914899
2,30707,5.0,1202843707
2,30848,4.5,1202937440
2,32587,2.5,1202843020
2,33660,4.5,1202842881
2,33679,3.0,1202844364
2,33794,3.0,1202842899
2,34162,3.0,1202844289
2,34437,3.0,1202843427
2,35836,1.5,1202843365
2,36525,3.5,1202844084
2,36527,4.0,1202844253
2,36529,4.0,1202915305
2,37729,4.5,1202842811
2,37731,4.5,1202842997
2,40815,1.0,1202843227
2,40819,4.0,1202842982
2,41285,4.5,1202843687
2,41571,2.5,1202843279
2,42728,1.0,1202843134
2,44191,4.0,1202843018
2,44665,4.0,1202842872
2,44694,4.0,1202843938
2,45081,1.0,1202844190
2,45880,1.5,1202914801
2,46723,4.5,1202843393
2,47202,4.0,1204211591
2,48416,1.0,1202842737
2,48516,4.5,1202915359
2,48738,4.5,1202843652
2,48774,2.5,1202846116
2,48780,4.0,1202842859
2,49272,3.5,1202842994
2,49530,5.0,1202842919
2,50068,3.5,1202938032
2,51540,4.0,1202843976
2,51662,3.5,1202841859
2,53207,3.5,1202845061
2,53519,3.5,1202843482
2,53953,4.0,1202844295
2,53956,4.5,1202842793
2,54286,1.5,1202843989
2,54997,1.5,1202844877
2,55363,2.5,1202915330
2,56174,2.0,1202844323
3,20,4.0,986002647
3,32,5.0,986003563
3,36,2.0,986003699
3,39,1.0,986003645
3,47,4.0,986002941
3,111,4.0,986003262
3,246,4.0,986003214
3,296,5.0,986003347
3,356,4.0,986002617
3,778,5.0,986003601
3,780,2.0,986002570
3,858,5.0,986003186
3,1089,5.0,986003463
3,1213,4.0,986003262
3,1617,4.0,986002585
3,1625,5.0,986003781
3,1732,3.0,986003662
3,1885,2.0,986003699
3,1997,5.0,986002888
3,2023,5.0,986002634
3,2273,3.0,986003847
3,2329,5.0,986003699
3,2542,5.0,986003636
3,2692,5.0,986003490
3,2700,5.0,986003620
3,2762,5.0,986003675
3,2858,5.0,986003463
3,3246,5.0,986003699
3,3617,4.0,986002979
3,3948,5.0,986002964
3,4034,5.0,986002774
4,2,5.0,829042027
4,10,5.0,829042027
4,11,5.0,829041064
4,14,5.0,829041064
4,16,4.0,829041064
4,25,4.0,829041064
4,32,4.0,829041064
4,34,5.0,829041667
4,39,4.0,829041667
4,41,5.0,829042027
4,43,5.0,829042027
4,76,5.0,829042027
4,95,5.0,829041064
4,107,5.0,829041064
4,112,4.0,829042027
4,135,5.0,829041064
4,141,1.0,829041064
4,150,5.0,829041667
4,151,4.0,829041668
4,153,2.0,829041667
4,158,5.0,829041667
4,165,4.0,829041667
4,172,3.0,829041667
4,173,5.0,829041667
4,174,4.0,829041667
4,177,4.0,829041667
4,185,5.0,829041668
4,186,3.0,829041668
4,193,5.0,829041668
4,203,2.0,829041668
4,204,4.0,829041668
4,208,5.0,829041668
4,222,4.0,829041667
4,225,4.0,829041667
4,227,4.0,829041667
4,231,1.0,829041667
4,253,4.0,829041667
4,257,5.0,829041667
4,260,4.0,829041667
4,261,5.0,829041667
4,265,4.0,829041667
4,266,4.0,829041667
4,272,4.0,829041668
4,273,4.0,829041668
4,288,1.0,829041668
4,292,4.0,829041668
4,296,3.0,829041668
4,300,3.0,829041668
4,304,3.0,829041668
4,316,5.0,829041668
4,317,4.0,829041668
4,329,5.0,829041668
4,330,3.0,829041668
4,339,5.0,829041668
4,349,5.0,829041667
4,380,5.0,829041668
4,381,4.0,829041668
4,432,4.0,829041667
4,434,5.0,829041667
4,443,5.0,829041667
4,553,4.0,829041668
4,590,5.0,829041667
4,592,4.0,829041667
4,637,5.0,829042027
5,1,3.0,855510130
5,6,4.0,855510154
5,11,3.0,855511869
5,32,3.0,855510130
5,39,3.0,855514679
5,62,4.0,855510130
5,65,1.0,855513520
5,94,3.0,855511153
5,105,2.0,855512190
5,110,5.0,855510860
5,150,4.0,855510690
5,160,3.0,855513221
5,161,3.0,855511097
5,165,4.0,855512822
5,173,3.0,855513554
5,188,4.0,855514138
5,196,2.0,855513095
5,231,4.0,855513302
5,253,4.0,855513255
5,258,2.0,855513238
5,260,5.0,855510194
5,262,1.0,855511923
5,288,3.0,855512227
5,292,4.0,855511235
5,296,3.0,855513637
5,300,4.0,855510887
5,327,3.0,855513238
5,339,4.0,855513183
5,344,3.0,855512973
5,345,3.0,855511682
5,350,3.0,855514409
5,356,4.0,855510653
5,357,3.0,855512074
5,362,3.0,855510934
5,366,3.0,855515375
5,368,3.0,855511153
5,370,3.0,855511992
5,377,4.0,855512808
5,379,3.0,855512914
5,380,3.0,855512513
5,407,3.0,855514487
5,434,3.0,855514235
5,435,3.0,855513155
5,441,3.0,855512354
5,445,3.0,855511792
5,454,3.0,855514277
5,457,4.0,855510653
5,458,3.0,855511272
5,466,3.0,855514409
5,480,3.0,855510653
5,481,4.0,855511218
5,484,3.0,855512694
5,485,3.0,855513032
5,493,3.0,855513806
5,500,3.0,855511218
5,509,4.0,855511923
5,512,3.0,855514607
5,514,3.0,855510996
5,520,3.0,855512731
5,527,5.0,855510652
5,539,2.0,855514450
5,543,3.0,855512228
5,551,3.0,855511597
5,586,3.0,855511959
5,587,3.0,855512010
5,588,3.0,855512285
5,589,4.0,855511597
5,590,4.0,855510653
5,592,3.0,855515525
5,593,4.0,855510690
5,594,3.0,855514570
5,597,3.0,855512470
5,608,4.0,855510154
5,610,4.0,855514472
5,611,3.0,855512860
5,631,1.0,855515375
5,648,3.0,855510130
5,663,4.0,855510267
5,671,3.0,855510242
5,733,3.0,855510154
5,743,3.0,855515493
5,750,4.0,855510799
5,778,3.0,855510214
5,780,3.0,855510130
5,784,3.0,855510176
5,785,4.0,855514100
5,786,3.0,855515493
5,788,3.0,855510176
5,828,3.0,855512310
5,838,1.0,855511066
5,858,4.0,855510860
5,903,4.0,855510972
5,914,3.0,855512116
5,917,1.0,855512669
5,919,4.0,855511218
5,920,4.0,855512228
5,924,4.0,855510746
5,934,3.0,855512374
5,952,3.0,855512513
5,953,3.0,855511733
5,968,4.0,855512151
5,1017,3.0,855515436
5,1019,4.0,855514116
5,1020,3.0,855511992
5,1022,2.0,855511682
5,1023,3.0,855514032
5,1027,3.0,855511066
5,1028,3.0,855511066
5,1029,3.0,855515421
5,1030,3.0,855514570
5,1032,3.0,855511097
5,1036,3.0,855510996
5,1037,3.0,855512310
5,1050,3.0,855515329
5,1064,2.0,855512354
5,1073,4.0,855510154
5,1080,3.0,855510710
5,1090,5.0,855510901
5,1092,3.0,855512252
5,1093,3.0,855512169
5,1097,4.0,855510778
5,1099,1.0,855515546
5,1101,3.0,855511597
5,1125,4.0,855514075
5,1126,3.0,855513006
5,1127,4.0,855511992
5,1135,3.0,855514517
5,1136,3.0,855510824
5,1148,4.0,855510690
5,1185,5.0,855512043
5,1186,4.0,855512228
5,1191,3.0,855513056
5,1196,4.0,855510860
5,1197,4.0,855510996
5,1198,3.0,855510824
5,1200,3.0,855511891
5,1201,4.0,855511733
5,1206,4.0,855511020
5,1208,4.0,855510996
5,1210,4.0,855513728
5,1213,5.0,855511597
5,1214,3.0,855511597
5,1216,4.0,855512151
5,1219,4.0,855511097
5,1220,4.0,855513671
5,1222,4.0,855511766
5,1225,4.0,855510934
5,1240,3.0,855511258
5,1242,5.0,855511037
5,1246,5.0,855510934
5,1258,4.0,855511113
5,1259,4.0,855511113
5,1262,4.0,855511657
5,1265,3.0,855511891
5,1270,3.0,855511852
5,1271,2.0,855511792
5,1275,4.0,855513904
5,1278,4.0,855511766
5,1285,4.0,855512227
5,1287,3.0,855511766
5,1297,3.0,855514117
5,1302,3.0,855515292
5,1320,3.0,855512731
5,1333,4.0,855511733
5,1334,4.0,855513006
5,1339,3.0,855512285
5,1343,4.0,855512285
5,1344,4.0,855512437
5,1345,4.0,855512389
5,1347,3.0,855512669
5,1370,3.0,855512568
5,1371,3.0,855514434
5,1372,2.0,855514330
5,1373,2.0,855512731
5,1374,2.0,855514054
5,1375,2.0,855512492
5,1376,2.0,855514185
5,1378,4.0,855512547
5,1379,3.0,855513095
5,1380,3.0,855512694
5,1385,3.0,855512709
5,1387,4.0,855512074
5,1388,3.0,855513139
5,1389,3.0,855515044
5,1393,3.0,855510296
5,1394,4.0,855512090
5,1396,3.0,855512169
5,1408,4.0,855512169
5,5060,4.0,855511218
6,111,2.0,953661033
6,367,2.0,953661033
6,1935,3.0,953661033
6,1961,4.0,953661077
6,2457,1.0,953661033
7,3,4.0,1112701639
7,18,4.0,1112702050
7,163,4.0,1112701119
7,172,2.5,1112701136
7,260,5.0,1112701445
7,296,5.0,1112701423
7,471,4.5,1112701252
7,511,3.5,1112702518
7,596,5.0,1112701263
7,802,3.0,1112701583
7,1093,4.0,1112701957
7,1221,4.5,1112701537
7,1231,5.0,1112701926
7,1250,4.5,1112701291
7,1258,4.5,1112701556
7,1320,3.0,1112701286
7,1396,4.0,1112701220
7,1479,4.0,1112701886
7,1488,3.5,1112701882
7,1580,3.0,1112701523
7,1707,1.5,1112702449
7,1711,3.5,1112701869
7,1729,4.0,1112701894
7,1732,3.0,1112701124
7,1753,4.5,1112702438
7,1777,3.5,1112701322
7,1957,4.0,1112701863
7,2012,2.5,1112701485
7,2046,3.5,1112701852
7,2054,2.5,1112701132
7,2100,3.5,1112701268
7,2126,3.5,1112701845
7,2194,4.5,1112701234
7,2279,2.5,1112702393
7,2321,3.0,1112701297
7,2502,4.5,1112701476
7,2699,3.0,1112701158
7,2762,3.5,1112701453
7,2822,3.5,1112702329
7,2891,4.0,1112702319
7,2947,4.0,1112701798
7,2959,4.5,1112701418
7,3033,3.0,1112701790
7,3052,4.5,1112701311
7,3063,3.5,1112702312
7,3173,5.0,1112701763
7,3243,3.0,1112702298
7,3252,4.5,1112701736
7,3444,4.0,1112702271
7,3686,4.0,1112701721
7,4041,4.0,1112701697
7,4102,4.5,1112702220
7,4679,4.0,1112702210
7,5055,4.0,1112702169
7,5283,4.0,1112702161
7,5309,2.0,1112702181
7,5445,4.0,1112701315
7,5952,3.5,1112701143
7,5995,4.5,1112701628
7,6188,4.5,1112702141
7,6287,4.0,1112702115
7,6934,4.5,1112701634
7,7004,3.5,1112702094
7,7451,4.0,1112702077
7,7482,4.5,1112702085
8,31,3.0,1348894358
8,60,3.5,1348894561
8,74,3.0,1348995884
8,111,4.0,1348895207
8,231,3.0,1348995282
8,236,4.0,1348995426
8,265,4.0,1348995423
8,318,5.0,1348895248
8,348,2.5,1348894480
8,412,5.0,1348995870
8,427,3.5,1348995864
8,551,3.0,1348995214
8,585,4.0,1348894374
8,587,4.0,1348895894
8,608,4.0,1348895234
8,724,2.5,1348894406
8,858,3.5,1348895770
8,902,2.5,1348895991
8,904,5.0,1348895305
8,905,5.0,1348895251
8,908,5.0,1348895259
8,909,4.5,1349072495
8,910,5.0,1348994997
8,913,5.0,1348895254
8,916,4.0,1348895308
8,926,4.0,1348895301
8,928,5.0,1348895265
8,943,4.0,1348895905
8,953,5.0,1348895275
8,955,3.0,1348994900
8,969,4.5,1349072491
8,1019,3.0,1348894595
8,1042,3.5,1348896507
8,1047,4.0,1348995406
8,1073,4.5,1348995204
8,1079,4.0,1348895766
8,1088,4.0,1348896425
8,1095,4.5,1348995839
8,1097,4.0,1348996369
8,1103,3.5,1348994834
8,1104,5.0,1348894580
8,1172,4.0,1348894389
8,1179,3.0,1348894598
8,1193,5.0,1348895237
8,1223,3.5,1348994635
8,1226,4.0,1348994661
8,1235,3.5,1348994786
8,1240,4.0,1348895759
8,1248,4.5,1348895360
8,1259,4.5,1348895753
8,1263,5.0,1348895180
8,1265,3.0,1348995198
8,1270,4.0,1348895749
8,1285,3.5,1348995397
8,1296,4.0,1348894585
8,1305,3.5,1349072487
8,1339,4.0,1348894349
8,1344,4.0,1348994718
8,1356,3.5,1348995194
8,1371,4.5,1348894369
8,1380,5.0,1348896469
8,1513,5.0,1348894433
8,1641,3.0,1348995386
8,1674,4.5,1348995379
8,1777,4.0,1348896382
8,1923,3.5,1348995186
8,1945,4.5,1348895228
8,1952,5.0,1348895197
8,1962,4.5,1348894436
8,1968,3.0,1348895744
8,1997,5.0,1348995369
8,2020,4.0,1348894490
8,2076,5.0,1348894439
8,2160,4.0,1348994747
8,2186,5.0,1348895392
8,2248,3.5,1348894400
8,2287,3.0,1348996328
8,2291,4.0,1348994853
8,2313,5.0,1348895187
8,2348,3.5,1348995657
8,2355,4.0,1348995177
8,2455,4.0,1348894333
8,2648,3.5,1348994734
8,2683,4.0,1348995181
8,2710,3.0,1348995167
8,2859,4.0,1348994695
8,2866,4.0,1348996300
8,2917,4.0,1348994754
8,2970,4.0,1348996290
8,3072,4.0,1348896012
8,3088,4.0,1348994702
8,3095,4.0,1348994827
8,3097,4.0,1348996284
8,3176,3.5,1348995349
8,3251,3.5,1348996275
8,3359,3.5,1348994847
8,3362,5.0,1348895184
8,3424,3.5,1348995342
8,3435,5.0,1348995626
8,3498,5.0,1348994648
8,3499,3.5,1348994799
8,3507,4.0,1348994682
8,3671,4.0,1348995337
8,3703,3.0,1348894456
8,3741,4.0,1348996121
8,3844,5.0,1348995608
8,4066,3.5,1348996084
8,4086,3.5,1348996078
8,4306,1.0,1348995155
8,4361,3.0,1348995323
8,4447,4.0,1348995318
8,4641,4.0,1348995595
8,4700,2.5,1348995590
8,4835,4.5,1348996053
8,4886,4.0,1348895731
8,4890,3.0,1348995586
8,4951,3.5,1348996048
8,4969,4.5,1348895417
8,4975,3.5,1348995314
8,4995,4.5,1348996551
8,5103,4.0,1348995579
8,6487,3.5,1348895573
8,6852,4.5,1348895480
8,7293,4.5,1348995498
8,7361,3.0,1348995147
8,7451,3.5,1348995486
8,7700,5.0,1348996476
8,7916,3.5,1349648902
8,8337,5.0,1349022411
8,8961,4.5,1348995295
8,25923,5.0,1349022418
8,27808,4.5,1348996003
8,53460,4.0,1348996434
8,67267,4.0,1348996417
8,71745,0.5,1348995906
9,593,3.0,990807888
9,1097,4.0,990807967
9,1198,5.0,990807934
9,2942,1.0,990807855
9,3101,3.0,990807820
10,44,2.0,1120730036
10,158,1.0,1120729972
10,186,3.5,1120729958
10,355,2.5,1120730059
10,673,3.0,1120730091
10,899,4.0,1120730068
10,1088,3.5,1120730054
10,1219,4.0,1120730278
10,1380,4.0,1120729939
10,1690,4.0,1120730047
10,2003,1.5,1120730064
10,2012,2.0,1120729908
10,2699,3.0,1120729953
10,4886,4.0,1120729995
10,5445,5.0,1120729982
10,5952,5.0,1120729864
10,6377,4.5,1120730079
11,1,3.0,832158391
11,21,4.0,832158574
11,22,3.0,832158885
11,32,5.0,832158599
11,34,3.0,832158599
11,39,3.0,832158624
11,47,5.0,832158599
11,150,5.0,832158266
11,151,3.0,832158672
11,153,3.0,832158308
11,157,3.0,832159616
11,160,3.0,832158624
11,161,5.0,832158391
11,165,5.0,832158308
11,173,3.0,832158698
11,185,3.0,832158546
11,186,3.0,832158697
11,193,1.0,832158817
11,196,2.0,832158716
11,198,5.0,832159356
11,208,2.0,832158546
11,215,4.0,832159432
11,216,1.0,832158918
11,222,3.0,832158885
11,223,3.0,832158794
11,225,5.0,832158574
11,231,1.0,832158357
11,234,4.0,832158918
11,249,5.0,832159231
11,252,3.0,832158698
11,253,4.0,832158391
11,260,4.0,832159319
11,272,3.0,832158817
11,277,3.0,832158817
11,280,4.0,832158950
11,292,3.0,832158391
11,293,1.0,832158738
11,296,5.0,832158266
11,315,2.0,832158649
11,316,2.0,832158331
11,317,3.0,832158599
11,319,3.0,832159272
11,333,1.0,832158774
11,338,1.0,832159251
11,339,4.0,832158391
11,350,3.0,832159381
11,353,5.0,832159415
11,354,4.0,832160052
11,364,3.0,832159251
11,376,4.0,832159600
11,380,3.0,832158266
11,410,3.0,832158574
11,417,3.0,832159381
11,434,3.0,832158357
11,435,2.0,832158672
11,442,4.0,832159356
11,454,3.0,832159272
11,457,5.0,832158860
11,514,4.0,832159752
11,555,3.0,832158774
11,585,3.0,832159449
11,590,3.0,832158266
11,592,4.0,832158266
11,593,5.0,832158860
11,606,3.0,832159862
11,637,3.0,832159415
11,640,3.0,832159699
11,708,5.0,832159655
12,110,3.5,1208985929
12,318,4.5,1208985918
12,668,4.5,1208985697
12,912,4.0,1208985877
12,913,3.0,1208982875
12,1272,4.0,1208983796
12,1350,3.0,1208983894
12,2302,3.0,1208985981
12,2389,3.5,1208985011
12,2575,3.5,1208985517
12,2581,2.5,1208983825
12,3578,3.5,1208985941
12,3654,4.0,1208983961
12,3798,2.5,1208983874
12,4886,3.5,1208985949
12,4963,3.5,1208985955
12,5135,3.0,1208985985
12,5349,3.5,1208985915
12,8012,4.5,1208985817
12,8360,3.0,1208982890
12,8958,3.5,1208984981
12,8961,3.5,1208985924
12,54997,4.5,1208985569
13,1,1.0,865833968
13,3,2.0,865834019
13,5,4.0,865834019
13,6,3.0,865834018
13,7,3.0,865834059
13,12,4.0,865834343
13,14,5.0,865834122
13,17,3.0,865833970
13,32,2.0,865833967
13,36,5.0,865834018
13,61,5.0,865834343
13,62,4.0,865833970
13,78,2.0,865834421
13,79,3.0,865834122
13,86,5.0,865834343
13,95,5.0,865833969
13,100,3.0,865834254
13,112,3.0,865834059
13,135,4.0,865834122
13,141,3.0,865833969
13,260,5.0,865834018
13,376,4.0,865834059
13,494,5.0,865834019
13,581,3.0,865834421
13,608,5.0,865834018
13,628,5.0,865834122
13,637,3.0,865834122
13,647,3.0,865834254
13,648,5.0,865833968
13,653,5.0,865834059
13,673,3.0,865834343
13,694,3.0,865834458
13,708,4.0,865834059
13,719,3.0,865834458
13,733,5.0,865834018
13,736,5.0,865833967
13,743,4.0,865834253
13,748,4.0,865834343
13,761,5.0,865834254
13,762,2.0,865834122
13,780,5.0,865833966
13,782,3.0,865834421
13,786,5.0,865834019
13,788,3.0,865834059
13,798,3.0,865834421
13,799,5.0,865834458
13,802,5.0,865834059
13,805,4.0,865834122
13,830,4.0,865834300
13,832,5.0,865834253
13,836,3.0,865834300
13,838,4.0,865834254
13,852,5.0,865834299
13,858,5.0,865834254
13,1003,4.0,865834421
13,1006,4.0,865834299
13,1042,4.0,865834254
13,1047,5.0,865834343
13,1049,5.0,865834254
13,1061,5.0,865834343
13,1073,2.0,865834019
13,1120,4.0,865834180
13,1210,5.0,865834122
13,1356,5.0,865834059
13,1363,3.0,865834379
13,1393,5.0,865834180
14,110,5.0,913133383
14,260,5.0,913133026
14,282,3.0,913133617
14,296,4.0,913133480
14,318,5.0,913133512
14,590,5.0,913133573
14,593,5.0,913133480
14,1120,3.0,913133813
14,1196,5.0,913133026
14,1213,2.0,913133617
14,1233,5.0,913133617
14,1253,5.0,913133026
14,1527,3.0,913133026
14,1584,3.0,913133026
14,1721,2.0,913133543
14,2010,5.0,913132968
14,2025,3.0,913133813
14,2269,2.0,913133617
14,2273,3.0,913132576
14,2287,5.0,913133026
14,2291,1.0,913133573
14,2315,1.0,913132784
14,2338,2.0,913132611
14,2354,2.0,913132611
14,2386,1.0,913132784
14,2407,4.0,913133026
15,6,4.0,1152381288
15,11,4.0,1152212422
15,15,1.5,1152216411
15,19,2.5,1152212680
15,22,3.0,1152364297
15,23,3.0,1152364284
15,29,3.5,1152214544
15,41,3.5,1152213089
15,50,5.0,1152382173
15,54,1.5,1152215665
15,81,2.0,1152362933
15,98,2.5,1152215394
15,112,3.0,1152384629
15,145,2.5,1152383062
15,165,3.0,1152384612
15,183,3.5,1152365241
15,191,1.5,1152216226
15,204,3.0,1152216702
15,215,4.5,1152213955
15,219,2.5,1152363310
15,220,1.5,1152215340
15,235,5.0,1152213135
15,247,4.5,1152214089
15,256,2.0,1152216626
15,259,3.0,1152364311
15,272,4.0,1152213629
15,290,4.0,1152214494
15,312,3.0,1152215490
15,315,2.0,1152216341
15,316,3.0,1152384581
15,348,4.0,1152213477
15,349,3.0,1152364218
15,350,3.0,1152364254
15,356,3.0,1165543575
15,368,2.5,1152212816
15,380,3.0,1152384594
15,410,3.5,1152212382
15,414,2.5,1152216313
15,416,2.0,1152216543
15,420,1.5,1152215904
15,422,3.5,1152365226
15,442,2.5,1152212729
15,457,4.5,1152381689
15,474,4.0,1152212533
15,482,2.0,1152362918
15,490,2.5,1152363253
15,508,3.5,1152212836
15,509,5.0,1152212861
15,544,2.0,1152216951
15,581,5.0,1152213337
15,593,5.0,1152382135
15,628,4.0,1152381303
15,631,2.0,1152216935
15,648,3.0,1152384645
15,652,3.0,1152364270
15,656,1.5,1152215785
15,659,4.0,1152366115
15,711,2.5,1152216595
15,745,5.0,1152214924
15,750,5.0,1152213548
15,765,1.5,1152216864
15,786,2.0,1152212756
15,800,4.5,1152214250
15,833,2.0,1152215743
15,839,1.0,1152216447
15,903,5.0,1152214025
15,904,5.0,1152381909
15,906,4.5,1152381478
15,908,5.0,1152381958
15,909,5.0,1152213415
15,913,5.0,1152890500
15,922,5.0,1152214852
15,923,5.0,1152214528
15,928,5.0,1152890572
15,929,4.0,1152365767
15,930,5.0,1152381830
15,933,4.0,1152366054
15,942,5.0,1152214214
15,946,5.0,1152213289
15,950,5.0,1152213214
15,951,5.0,1152213578
15,965,5.0,1152381813
15,990,1.5,1152216828
15,994,4.0,1152214040
15,1003,2.0,1152362947
15,1040,3.0,1152363494
15,1084,5.0,1152213909
15,1086,4.0,1152366036
15,1092,4.0,1152381193
15,1171,4.0,1152213187
15,1212,5.0,1152890437
15,1213,5.0,1152212492
15,1218,5.0,1152213017
15,1219,5.0,1152382070
15,1245,4.5,1152213530
15,1248,5.0,1152890395
15,1249,4.0,1152366604
15,1252,5.0,1152214605
15,1256,5.0,1152213448
15,1259,4.0,1152887703
15,1260,5.0,1152381790
15,1264,4.5,1152381628
15,1267,5.0,1152213239
15,1281,5.0,1152214072
15,1284,5.0,1152890458
15,1307,3.5,1152212650
15,1343,2.5,1152363202
15,1344,4.5,1152381493
15,1356,3.0,1152212623
15,1361,4.0,1152214171
15,1459,2.5,1152363281
15,1480,2.0,1152362986
15,1515,2.0,1152216651
15,1517,4.0,1152212707
15,1518,3.5,1152365256
15,1552,3.0,1152384657
15,1597,2.5,1152363295
15,1608,2.5,1152383080
15,1617,4.5,1152890655
15,1625,3.0,1152364375
15,1640,2.0,1152215454
15,1674,4.5,1152381646
15,1687,2.0,1152363004
15,1752,2.5,1152216289
15,1784,4.0,1152212445
15,1799,3.0,1152364357
15,1805,3.5,1152365339
15,1833,3.0,1152384699
15,1834,3.5,1152365285
15,1841,2.0,1152363056
15,1889,4.0,1152381324
15,1892,2.0,1152363018
15,1894,2.5,1152215648
15,1913,5.0,1152890286
15,1917,2.0,1152382645
15,1950,5.0,1152890336
15,1964,4.5,1152381541
15,2001,3.0,1152384415
15,2002,3.0,1152384462
15,2046,3.0,1152384375
15,2058,3.5,1152365325
15,2076,5.0,1152887727
15,2167,3.0,1152384671
15,2170,2.0,1152216130
15,2176,4.0,1152365824
15,2177,3.0,1152363879
15,2178,3.5,1152364653
15,2180,2.0,1152362732
15,2183,4.0,1152366087
15,2186,5.0,1152381849
15,2187,3.0,1152363554
15,2203,4.5,1152381465
15,2206,3.5,1152364505
15,2208,4.0,1152365751
15,2209,3.0,1152363512
15,2210,3.5,1152364491
15,2212,3.5,1152365426
15,2227,3.5,1152365412
15,2289,4.5,1152213703
15,2313,4.5,1152214379
15,2353,3.0,1152364405
15,2365,2.5,1152215509
15,2366,5.0,1152214436
15,2386,2.0,1152362434
15,2389,2.0,1152363038
15,2402,2.5,1152382747
15,2403,2.5,1152382701
15,2451,2.5,1152216154
15,2488,5.0,1152381976
15,2523,3.0,1152383564
15,2594,3.5,1152365269
15,2707,2.5,1152363403
15,2727,3.0,1152363622
15,2753,3.0,1152364098
15,2762,4.0,1152381339
15,2803,2.5,1152363267
15,2808,3.0,1152383426
15,2812,2.0,1152363070
15,2819,4.0,1152366330
15,2879,3.0,1152384446
15,2902,3.0,1152363983
15,2917,4.5,1152381610
15,2924,3.0,1152384567
15,2956,2.5,1152363172
15,2967,3.5,1152364565
15,2987,4.5,1152212900
15,2993,3.0,1152383204
15,3005,2.5,1152363418
15,3020,3.0,1152364185
15,3029,3.0,1152383659
15,3044,4.0,1152381176
15,3075,4.5,1152381508
15,3101,4.5,1152381660
15,3102,4.0,1152366486
15,3114,5.0,1152212883
15,3121,3.0,1152363600
15,3203,4.0,1152366564
15,3204,4.0,1152366370
15,3219,2.0,1152362853
15,3249,3.5,1152365213
15,3274,3.5,1152365197
15,3307,5.0,1152214870
15,3310,5.0,1152213602
15,3365,5.0,1152213264
15,3384,3.5,1152364668
15,3424,5.0,1152214151
15,3429,4.5,1152213035
15,3435,5.0,1152213314
15,3444,2.0,1152382616
15,3462,5.0,1152213770
15,3476,2.5,1152363187
15,3484,1.5,1152216680
15,3485,3.0,1152363852
15,3491,2.5,1152215529
15,3499,4.0,1152381138
15,3505,4.0,1152366523
15,3546,4.0,1152366128
15,3551,4.5,1152381594
15,3593,1.0,1152362396
15,3629,5.0,1152214339
15,3634,4.0,1152366156
15,3683,5.0,1152213727
15,3691,1.5,1152216116
15,3730,5.0,1152382103
15,3732,2.0,1152362780
15,3736,4.5,1152214969
15,3763,3.5,1152365110
15,3769,3.0,1152383518
15,3783,3.5,1152213807
15,3788,5.0,1152890361
15,3793,3.5,1152212919
15,3814,4.5,1152213058
15,3835,2.0,1152216812
15,3849,4.0,1152365809
15,3921,2.0,1152215324
15,3977,3.0,1152384713
15,3994,3.0,1152364463
15,3996,5.0,1152212475
15,4030,2.0,1152216785
15,4037,4.5,1152214404
15,4038,3.5,1152365155
15,4053,2.0,1152216092
15,4077,3.5,1152365370
15,4086,4.0,1152366536
15,4093,3.0,1152364028
15,4097,3.0,1152364043
15,4110,3.0,1152364114
15,4132,2.0,1152215845
15,4148,2.0,1152363088
15,4207,2.0,1152216889
15,4210,4.0,1152366511
15,4226,4.5,1152381772
15,4306,4.5,1152212605
15,4317,2.0,1152216490
15,4336,4.0,1152381231
15,4368,2.0,1152216516
15,4383,3.0,1152364448
15,4426,5.0,1152381925
15,4490,2.0,1152216069
15,4506,3.5,1152365127
15,4520,3.0,1152216721
15,4522,3.0,1152364129
15,4543,3.0,1152384402
15,4546,5.0,1152382120
15,4547,3.5,1152365141
15,4560,1.5,1152215967
15,4614,2.0,1152216042
15,4619,1.5,1152215758
15,4620,2.5,1152216203
15,4626,3.5,1152365170
15,4645,2.5,1152363330
15,4661,4.0,1152366577
15,4670,4.0,1152366550
15,4673,2.0,1152216356
15,4689,2.5,1152363129
15,4717,2.5,1152382682
15,4754,4.0,1152366316
15,4776,3.5,1152365397
15,4794,2.5,1152363158
15,4803,4.0,1152366290
15,4821,3.5,1152365384
15,4848,2.5,1152890614
15,4865,3.0,1152364477
15,4876,2.0,1152216468
15,4885,1.5,1152215700
15,4927,5.0,1152890261
15,4930,3.5,1152364623
15,4932,4.0,1152366431
15,4947,2.5,1152382665
15,4962,1.5,1152215586
15,4983,2.0,1152362822
15,4993,4.5,1152212579
15,5013,4.5,1152214355
15,5027,2.0,1152215687
15,5062,4.0,1152366190
15,5105,4.5,1152381563
15,5163,3.0,1152364083
15,5175,4.0,1152366590
15,5247,3.0,1152383581
15,5291,5.0,1152214687
15,5363,1.0,1152215721
15,5387,1.5,1152216916
15,5394,3.0,1152363570
15,5434,4.0,1152365899
15,5437,2.5,1152363140
15,5475,4.5,1152381524
15,5487,2.0,1152215357
15,5497,3.0,1152383188
15,5513,2.5,1152215438
15,5517,3.5,1152365355
15,5672,0.5,1152322435
15,5676,2.5,1152215168
15,5712,4.0,1152366444
15,5733,3.5,1152365079
15,5782,3.0,1152363939
15,5784,2.0,1152215812
15,5792,3.5,1152214567
15,5850,3.0,1152363953
15,5893,4.0,1152213881
15,5943,2.5,1152215919
15,5966,3.0,1152363638
15,6135,3.0,1152363968
15,6140,3.5,1152365096
15,6254,4.5,1152214311
15,6277,4.0,1152366416
15,6333,4.0,1152644887
15,6371,0.5,1152322430
15,6380,4.5,1152214942
15,6398,3.0,1152383227
15,6423,2.5,1152216374
15,6456,4.0,1152366234
15,6471,3.0,1152363997
15,6476,2.0,1152362868
15,6530,4.0,1152366344
15,6539,4.0,1152644942
15,6564,2.0,1152216178
15,6582,3.0,1152384359
15,6587,1.0,1152322462
15,6620,4.5,1152214584
15,6639,4.0,1152366204
15,6667,4.0,1152214291
15,6669,5.0,1152214884
15,6701,2.5,1152215145
15,6721,4.5,1152213107
15,6722,3.0,1152384478
15,6723,3.0,1152384543
15,6727,4.0,1152366218
15,6745,2.0,1152215420
15,6746,1.5,1152215544
15,6810,2.0,1152362882
15,6821,3.0,1152215561
15,6830,3.0,1152363585
15,6874,4.0,1152644688
15,6905,2.5,1152363231
15,6912,3.0,1152215220
15,6920,3.5,1152364638
15,6959,2.0,1152215888
15,6973,2.5,1152363215
15,7001,3.5,1152364722
15,7013,5.0,1152381941
15,7017,2.0,1152215984
15,7020,4.0,1152213946
15,7035,2.5,1152382714
15,7072,5.0,1152213359
15,7076,4.5,1152381445
15,7107,3.5,1152364708
15,7114,4.0,1152366172
15,7115,3.5,1152364682
15,7116,5.0,1152214832
15,7132,5.0,1152213159
15,7143,2.5,1153335906
15,7166,2.5,1152215203
15,7277,2.0,1152362903
15,7376,3.0,1152383502
15,7383,4.0,1253299231
15,7438,4.0,1152644691
15,7480,4.0,1152366474
15,7560,4.0,1152366142
15,7587,4.5,1152381435
15,7616,2.0,1152362808
15,7626,2.5,1152215874
15,7698,4.0,1152366386
15,7700,5.0,1152381866
15,7766,4.5,1152214671
15,7791,3.5,1152365183
15,7792,4.0,1152214106
15,7802,3.0,1152383642
15,7892,1.5,1152382598
15,7924,4.0,1152365914
15,7926,4.0,1152214740
15,8035,2.0,1152362972
15,8093,3.0,1152364419
15,8207,4.5,1152381578
15,8228,4.0,1152890543
15,8269,2.5,1152215373
15,8370,3.5,1152214476
15,8491,5.0,1152214803
15,8636,4.0,1152644913
15,8638,4.5,1152214134
15,8694,4.0,1152215237
15,8698,3.0,1152364166
15,8798,4.0,1152644453
15,8835,1.5,1152215944
15,8861,1.5,1152216842
15,8937,4.0,1152644626
15,8961,4.0,1152644512
15,26116,3.5,1152364609
15,26242,4.0,1152366277
15,26303,3.0,1152363770
15,26488,2.0,1152362794
15,26819,3.0,1152384527
15,26841,3.0,1152215470
15,27592,3.0,1152213749
15,27831,3.5,1152644409
15,27839,3.0,1152216251
15,30894,2.0,1152216428
15,31410,4.0,1152214779
15,31427,2.5,1152216395
15,32375,4.0,1152215186
15,33836,2.0,1152216564
15,34332,3.5,1152644739
15,34405,4.0,1152644485
15,34437,4.0,1152214508
15,34536,3.0,1152644592
15,36529,3.0,1152644427
15,37733,4.0,1152214188
15,38061,3.5,1152963141
15,39419,3.5,1154699177
15,41569,4.0,1152644648
15,41997,3.5,1152963176
15,45186,4.0,1152645006
15,45499,3.5,1152645025
15,45672,2.0,1152645033
15,45722,4.0,1152644987
15,57526,3.5,1235838763
16,1,3.0,850378542
16,5,3.0,850378574
16,17,5.0,850378542
16,62,5.0,850378542
16,95,3.0,850378542
16,140,3.0,850378631
16,376,3.0,850378574
16,637,3.0,850378631
16,648,3.0,850378542
16,661,4.0,850378631
16,708,3.0,850378601
16,736,3.0,850378542
16,780,3.0,850378542
16,1073,4.0,850378601
17,260,3.0,944939719
17,266,2.0,944940109
17,685,3.0,944939822
17,902,5.0,944940240
17,928,4.0,944940061
17,1210,4.0,944939822
17,1247,5.0,944940109
17,1286,3.0,944940061
17,1291,5.0,944939678
17,1967,5.0,944939920
17,2011,3.0,944939920
17,2017,4.0,944939822
17,2330,5.0,944939978
17,2396,5.0,944940240
17,2628,3.0,944939757
17,2969,3.0,944940240
17,3019,4.0,944939978
18,1,3.0,834132766
18,10,5.0,834132722
18,165,4.0,834132628
18,185,4.0,834132766
18,231,2.0,834132684
18,253,3.0,834132767
18,292,2.0,834132722
18,329,3.0,834132684
18,344,5.0,834132628
18,349,4.0,834132628
18,410,2.0,834133010
18,434,2.0,834132722
18,457,4.0,834133010
18,590,4.0,834132565
18,592,4.0,834132565
18,593,3.0,834133010
18,756,5.0,834133491
19,168,0.5,1217329065
19,265,1.0,1217329068
19,471,2.5,1217329109
19,543,1.5,1217329078
19,552,0.5,1217329084
19,596,3.0,1217329070
19,852,0.5,1217329119
19,913,5.0,1217329113
19,1215,0.5,1217329098
19,1233,1.0,1217329059
19,1242,1.0,1217329107
19,1282,4.0,1217329101
19,1372,1.0,1217329117
19,1376,1.5,1217329081
19,1396,2.5,1217329076
19,1674,3.0,1217329121
19,1909,2.5,1217329126
19,2395,4.0,1217329073
19,3101,2.5,1217329104
19,5418,4.0,1217329062
20,21,3.5,1112373238
20,62,3.5,1112373221
20,110,3.0,1112373144
20,368,1.5,1112372933
20,410,3.0,1112372877
20,442,2.0,1112372919
20,590,2.0,1112373118
20,594,4.0,1112372937
20,708,3.5,1112372948
20,750,4.5,1112373230
20,908,3.5,1112373218
20,912,3.5,1112373178
20,969,4.5,1112373198
20,1127,3.0,1112373204
20,1213,4.5,1112372891
20,1234,3.0,1112373193
20,1246,3.0,1112373187
20,1257,4.0,1112373443
20,1259,3.5,1112372942
20,1275,4.0,1112373210
20,1278,4.5,1112373181
20,1307,4.0,1112372900
20,1372,1.5,1112373169
20,1513,3.0,1112373439
20,1527,4.0,1112372909
20,1584,2.5,1112372915
20,1610,3.0,1112372923
20,1711,4.0,1112373449
20,1735,3.5,1112373426
20,1923,4.0,1112372897
20,2010,3.5,1112373419
20,2019,5.0,1112373397
20,2115,4.0,1112373132
20,2124,4.0,1112373402
20,2529,3.0,1112373115
20,2628,1.5,1112373136
20,2683,3.0,1112372880
20,2700,3.5,1112373077
20,2804,4.0,1112373140
20,2912,4.5,1112373350
20,2947,3.5,1112373382
20,2959,3.0,1112372925
20,2987,4.0,1112372944
20,2989,3.5,1112373380
20,2997,5.0,1112372868
20,3000,4.0,1112373363
20,3033,3.0,1112373369
20,3034,4.0,1112373360
20,3083,4.5,1112373335
20,3168,3.0,1112373318
20,3552,3.5,1112373314
20,3686,2.0,1112373325
20,3697,2.0,1112373322
20,3869,2.5,1112373248
20,4121,2.5,1112373250
20,4270,3.5,1112373297
20,4643,1.0,1112373281
20,4963,3.5,1112373149
20,5225,4.5,1112373303
20,5266,4.0,1112373277
20,5816,3.5,1112373268
20,5902,4.5,1112373256
20,5952,5.0,1112373080
21,105,2.0,1339296874
21,135,0.5,1339297012
21,277,3.5,1339296877
21,585,3.5,1339296890
21,898,4.0,1339297031
21,1047,4.0,1339296916
21,1077,4.0,1339297039
21,1267,4.0,1339296919
21,1680,4.5,1339297002
21,1962,4.0,1339296927
21,2145,4.0,1339296969
21,2352,4.5,1339297022
21,2371,4.5,1339297026
21,2746,4.5,1339296935
21,3039,4.5,1339296901
21,3386,4.0,1339296979
21,3421,3.5,1339296857
21,3911,4.5,1339296868
22,1,4.0,860268574
22,5,3.0,860268613
22,7,3.0,860268613
22,9,3.0,860268727
22,17,5.0,860268575
22,52,4.0,860268652
22,62,4.0,860268575
22,86,5.0,860268806
22,94,4.0,860268806
22,95,2.0,860268575
22,107,4.0,860268754
22,112,3.0,860268652
22,118,2.0,860269035
22,123,3.0,860269163
22,141,2.0,860268575
22,260,5.0,860268652
22,376,4.0,860268652
22,562,5.0,860268956
22,605,4.0,860269065
22,647,4.0,860268806
22,648,3.0,860268574
22,650,4.0,860268978
22,661,4.0,860268700
22,673,4.0,860268780
22,708,2.0,860268652
22,728,5.0,860268900
22,733,2.0,860268613
22,736,3.0,860268574
22,745,5.0,860268871
22,765,2.0,860268839
22,780,3.0,860268574
22,788,4.0,860268652
22,801,3.0,860269065
22,802,3.0,860268700
22,805,5.0,860268700
22,818,2.0,860268932
22,830,3.0,860268871
22,832,4.0,860268727
22,837,3.0,860268900
22,840,2.0,860269193
22,852,1.0,860268727
22,858,5.0,860268806
22,1041,5.0,860269007
22,1042,4.0,860268932
22,1059,5.0,860268839
22,1073,4.0,860268613
22,1210,4.0,860268754
22,1233,3.0,860269130
22,1356,3.0,860268700
22,1357,5.0,860268956
22,1363,5.0,860269035
22,1366,5.0,860269163
22,1391,2.0,860268839
22,1393,5.0,860268780
22,1399,5.0,860269346
22,1411,4.0,860269065
22,1419,3.0,860269423
22,1453,3.0,860269266
22,1457,4.0,860269371
22,1466,4.0,860269245
23,16,3.0,1125514929
23,432,1.5,1125514959
23,497,0.5,1125514941
23,553,2.5,1125514943
23,832,2.0,1125514971
23,1288,2.0,1125514994
23,1485,2.0,1125514988
23,1500,2.0,1125514985
23,1653,3.0,1125514983
23,2012,1.0,1125514953
23,2174,1.0,1125514919
23,2599,2.5,1125514980
23,2710,0.5,1125514923
23,2797,2.0,1125514921
23,3897,2.5,1125514978
23,5952,3.0,1125514969
24,2,3.0,836418442
24,19,2.0,836418237
24,34,3.0,836418237
24,39,1.0,836418287
24,60,4.0,836418925
24,62,5.0,836418642
24,110,2.0,836418203
24,150,3.0,836417952
24,153,5.0,836418003
24,158,5.0,836418505
24,160,5.0,836418302
24,161,2.0,836418102
24,169,1.0,836418925
24,185,5.0,836418150
24,208,4.0,836418148
24,216,5.0,836418846
24,231,3.0,836418050
24,248,3.0,836418900
24,256,3.0,836418520
24,316,3.0,836418050
24,317,5.0,836418237
24,333,5.0,836418596
24,344,3.0,836418003
24,348,2.0,836418715
24,355,5.0,836418730
24,356,1.0,836418302
24,364,1.0,836418286
24,367,5.0,836418363
24,370,5.0,836418900
24,376,4.0,836418900
24,377,5.0,836418442
24,380,5.0,836417953
24,410,3.0,836418203
24,413,2.0,836418794
24,432,4.0,836418363
24,435,4.0,836418363
24,457,4.0,836418152
24,466,2.0,836419049
24,480,3.0,836418363
24,485,3.0,836418869
24,500,4.0,836418505
24,520,3.0,836419049
24,551,3.0,836418642
24,552,5.0,836418759
24,585,2.0,836418715
24,586,1.0,836418630
24,588,1.0,836418003
24,590,1.0,836417950
24,594,1.0,836418925
24,595,1.0,836418050
24,648,5.0,836418869
25,356,1.0,966265170
25,541,2.0,966265158
25,719,1.0,966265158
25,908,4.0,966265190
25,2028,5.0,966265145
25,2053,2.0,966265190
26,455,0.5,1281576823
26,1037,4.5,1281576857
26,1409,0.5,1281576893
26,1687,5.0,1281576945
26,2009,3.5,1281576977
26,2150,4.0,1281576812
26,2641,3.5,1281576830
26,2826,3.0,1281576868
26,2881,4.0,1281576845
26,3698,4.0,1281576884
26,3984,3.5,1281576960
26,4007,4.0,1281576966
26,5400,4.5,1281577007
26,48774,3.5,1281576904
26,51255,3.5,1281576932
27,62,4.0,1121723407
27,168,3.5,1121722661
27,186,3.5,1121722664
27,236,2.5,1121722625
27,261,4.0,1121723311
27,342,3.5,1121722649
27,349,4.5,1121723377
27,357,4.0,1121723304
27,370,1.0,1121722632
27,466,1.0,1121722629
27,474,4.5,1121723241
27,520,3.0,1121722666
27,539,5.0,1121723372
27,543,3.5,1121722671
27,552,3.5,1121722673
27,597,4.0,1121723364
27,902,4.0,1121723351
27,953,3.0,1121722694
27,1042,3.5,1121723380
27,1101,4.0,1121723354
27,1307,4.5,1121723222
27,1393,4.0,1121723254
27,1396,3.5,1121722668
27,1625,3.5,1121722683
27,1639,2.0,1121722658
27,1672,4.0,1121723300
27,1682,3.5,1121723218
27,1958,4.0,1121723271
27,2125,4.0,1121723274
27,2236,3.5,1121723388
27,2501,3.0,1121723175
27,2599,2.5,1121722622
27,2640,2.5,1121722638
27,2671,4.5,1121723267
27,2763,4.5,1121723334
27,3071,3.0,1121723607
27,3098,4.5,1121723203
27,3178,3.0,1121723582
27,3408,3.5,1121722874
27,3512,3.5,1121722857
27,3536,3.5,1121722827
27,3578,3.0,1121722886
27,3623,3.0,1121722691
27,3844,4.5,1121723398
27,3916,3.0,1121723172
27,3948,4.5,1121723343
27,3996,3.0,1121722906
27,4014,4.0,1121723707
27,4018,4.5,1121723002
27,4022,3.5,1121722861
27,4025,4.0,1121723011
27,4246,4.5,1121723296
27,4308,4.0,1121723284
27,4880,4.0,1121723200
27,4901,4.0,1121722876
27,4963,4.5,1121723696
27,4973,3.5,1121722951
27,4993,3.5,1121722917
27,5064,4.0,1121723179
27,5225,3.5,1121722933
27,5299,4.5,1121722834
27,5377,3.5,1121723708
27,5418,4.0,1121723698
27,5445,3.5,1121722687
27,5502,4.0,1121723006
27,5527,4.0,1121723307
27,5669,3.0,1121722910
27,6331,3.5,1121722957
27,6365,3.5,1121723018
27,6378,4.0,1121722833
27,6539,3.5,1121722891
27,6565,2.5,1121723169
27,6708,3.5,1121723213
27,6711,4.5,1121722947
27,6870,4.0,1121723729
27,6879,4.0,1121722826
27,6942,4.5,1121723182
27,6983,4.0,1121723390
27,7139,4.0,1121722901
27,7149,4.0,1121722865
27,7151,3.5,1121723410
27,7153,4.0,1121722923
27,7162,4.0,1121723207
27,7173,3.5,1121722994
27,7293,4.0,1121723339
27,7361,4.0,1121722962
27,7366,3.0,1121722996
27,7450,3.5,1121723013
27,8366,3.0,1121723720
27,8533,5.0,1121723230
27,8638,4.5,1121722938
27,8665,4.0,1121723190
27,8781,4.0,1121723375
27,8783,4.0,1121722841
27,8784,4.0,1121722903
27,8866,3.5,1121723314
27,8984,4.0,1121723016
27,27808,4.5,1121723712
27,27821,3.5,1121723195
27,30707,4.0,1121722942
27,30822,4.5,1121723693
27,30898,4.5,1121723221
27,31685,4.0,1121723724
27,32598,4.0,1121723416
27,33660,4.5,1121722882
27,33794,4.0,1121723691
27,34162,4.0,1121722982
28,135,2.0,1251197352
28,719,1.5,1251196843
28,849,0.5,1251196853
28,1345,0.5,1251196857
28,1373,2.5,1251196969
28,1378,4.0,1251198195
28,1409,3.5,1251198215
28,1476,2.5,1251197420
28,2064,3.0,1251196983
28,2371,1.5,1251197416
28,2405,2.5,1251197384
28,2707,4.5,1251198163
28,3005,2.0,1251197388
28,3210,2.5,1251196943
28,3510,2.0,1251196955
28,3868,1.5,1251197355
29,1,4.5,1378489195
29,6,4.5,1378562228
29,12,3.5,1378750283
29,19,1.5,1399487447
29,32,5.0,1323470194
29,44,2.0,1323469416
29,47,4.0,1334598996
29,50,4.0,1387749289
29,110,4.0,1378489193
29,111,3.5,1378488109
29,150,3.5,1378489198
29,153,2.0,1378489283
29,158,3.0,1323469364
29,165,3.0,1378489280
29,180,3.5,1378561799
29,208,3.5,1387748788
29,215,4.0,1378544035
29,223,4.5,1399487442
29,260,3.5,1323470115
29,292,4.0,1399487440
29,293,4.0,1378562231
29,296,4.5,1378489187
29,316,4.0,1414009877
29,329,4.0,1379626455
29,344,3.0,1378489237
29,349,3.0,1437251161
29,356,4.0,1378489176
29,367,3.0,1378489291
29,377,3.5,1378487575
29,379,3.5,1413749388
29,380,3.0,1378489219
29,457,4.0,1378489205
29,480,4.0,1378489182
29,485,4.0,1323469377
29,492,4.5,1378562085
29,494,3.5,1437251074
29,520,3.0,1378750280
29,527,3.5,1378487568
29,541,5.0,1323470161
29,551,4.5,1378486149
29,586,2.0,1399487435
29,588,4.0,1378489224
29,589,5.0,1378489398
29,592,3.0,1378489210
29,593,3.5,1378487566
29,608,4.0,1378487564
29,648,4.0,1378489250
29,733,3.5,1378489308
29,736,2.0,1378489286
29,741,4.5,1323470167
29,750,5.0,1378487558
29,778,4.0,1437250514
29,780,3.0,1378489207
29,784,4.0,1378562342
29,858,5.0,1378489241
29,902,3.0,1323469446
29,912,4.0,1378561965
29,913,4.5,1323469401
29,924,4.0,1378672646
29,1036,4.5,1399487430
29,1077,4.0,1378562050
29,1078,3.5,1378562071
29,1080,4.0,1378487555
29,1089,4.0,1388918767
29,1097,4.5,1399487428
29,1127,3.5,1379863793
29,1136,4.0,1378487547
29,1196,5.0,1323470106
29,1198,4.5,1323475266
29,1199,4.5,1378488272
29,1200,5.0,1323470158
29,1201,4.5,1323475277
29,1203,4.5,1323634039
29,1206,4.5,1388874981
29,1210,4.0,1323470142
29,1212,4.5,1323634056
29,1213,4.0,1437250515
29,1214,5.0,1323470156
29,1215,4.0,1378486091
29,1230,4.5,1378562052
29,1233,4.0,1323635961
29,1240,4.5,1378489387
29,1244,4.0,1430157392
29,1245,4.5,1388918756
29,1253,3.0,1378489756
29,1261,3.5,1378486069
29,1265,4.5,1378562580
29,1270,4.5,1378487543
29,1274,4.5,1323469550
29,1275,4.0,1378562500
29,1278,4.5,1378750262
29,1287,4.5,1378489794
29,1289,4.5,1430157389
29,1291,5.0,1378487541
29,1320,3.0,1378544193
29,1339,4.0,1323469449
29,1356,3.5,1379626451
29,1371,4.5,1323469461
29,1372,4.5,1379626446
29,1373,3.5,1379626440
29,1374,3.5,1430157521
29,1375,3.5,1323469435
29,1376,4.0,1323469383
29,1391,3.5,1378562287
29,1396,4.0,1379626569
29,1479,3.5,1437251059
29,1527,4.5,1378544126
29,1580,3.0,1378487537
29,1584,4.5,1378487534
29,1610,4.5,1378561959
29,1617,4.5,1437250572
29,1625,4.0,1334599007
29,1631,4.0,1324927933
29,1639,4.0,1378561789
29,1645,3.0,1334599004
29,1653,4.5,1323475722
29,1676,4.5,1387749517
29,1682,4.0,1388874987
29,1687,4.0,1378560885
29,1690,3.0,1378544201
29,1701,4.5,1378562099
29,1722,3.0,1437251083
29,1729,3.5,1388918783
29,1732,4.0,1378487529
29,1747,4.0,1323469428
29,1748,4.0,1378486852
29,1917,2.5,1378487526
29,1921,4.0,1388874966
29,1923,3.5,1378562319
29,1967,3.5,1378560766
29,1994,4.0,1378486083
29,2001,3.5,1323469371
29,2009,4.0,1387748911
29,2010,3.5,1378488302
29,2012,2.5,1378487521
29,2019,4.5,1323475256
29,2065,4.0,1378562082
29,2076,3.5,1378486871
29,2094,3.5,1378560790
29,2115,3.5,1378562519
29,2174,4.0,1378487518
29,2231,4.5,1378561890
29,2232,4.0,1399487708
29,2278,4.0,1437251105
29,2288,4.5,1378750205
29,2291,3.0,1378486153
29,2301,2.5,1378750273
29,2353,3.5,1378674128
29,2393,4.5,1379626458
29,2395,4.5,1378486829
29,2401,4.0,1378487755
29,2455,3.0,1323469458
29,2467,4.5,1378486094
29,2528,4.0,1387748782
29,2529,4.5,1378486097
29,2542,4.5,1388918786
29,2571,4.5,1323470111
29,2594,3.5,1323470204
29,2600,4.5,1399487791
29,2605,2.5,1437251055
29,2628,2.5,1399487425
29,2672,4.0,1399487848
29,2683,3.5,1437250547
29,2730,4.5,1378562529
29,2762,4.0,1378489255
29,2791,4.0,1378487512
29,2797,3.5,1379626626
29,2819,4.0,1394140788
29,2858,4.0,1378489226
29,2916,4.5,1378489418
29,2918,3.5,1379863738
29,2947,4.0,1378562506
29,2951,4.0,1378487766
29,2959,4.0,1323475281
29,2985,3.5,1378487690
29,2997,4.0,1388874984
29,3000,4.5,1393706686
29,3030,4.0,1323475260
29,3033,3.5,1323469413
29,3083,4.0,1379626621
29,3114,4.5,1378487510
29,3175,2.0,1323469374
29,3176,4.0,1323469356
29,3253,4.0,1378487679
29,3256,3.0,1437251061
29,3300,4.0,1378544165
29,3334,2.5,1378489783
29,3354,3.0,1378487664
29,3471,4.0,1378489741
29,3476,3.0,1430157381
29,3481,4.0,1378486857
29,3527,4.0,1378486106
29,3552,2.0,1378487650
29,3556,4.0,1378487448
29,3578,4.0,1413749263
29,3623,3.0,1437251045
29,3671,3.0,1378750270
29,3681,4.0,1323634046
29,3702,3.5,1378487636
29,3793,4.5,1399487346
29,3812,3.0,1378562091
29,3897,3.5,1378486875
29,3927,3.5,1430157558
29,3949,4.5,1378560754
29,3986,3.5,1394140823
29,3996,4.0,1413749255
29,4011,4.5,1388918789
29,4022,2.5,1437250547
29,4027,4.0,1378486893
29,4034,3.0,1413749336
29,4105,4.0,1378486073
29,4223,4.0,1378562554
29,4226,5.0,1334598992
29,4306,4.0,1399487422
29,4308,3.0,1378487629
29,4370,4.0,1430157590
29,4545,3.0,1437250941
29,4641,4.0,1378486077
29,4720,3.0,1378487620
29,4734,3.0,1378561811
29,4776,4.5,1378561625
29,4816,3.5,1378562283
29,4848,4.0,1378486900
29,4873,4.0,1379626680
29,4878,4.5,1378486273
29,4886,4.0,1437250532
29,4887,3.5,1394140852
29,4901,3.5,1378674093
29,4963,4.5,1378561886
29,4967,4.0,1378486845
29,4973,4.0,1437250531
29,4979,4.0,1378486908
29,4993,4.5,1378487505
29,4995,3.5,1378560751
29,5033,2.0,1379353886
29,5046,4.5,1387749009
29,5319,4.0,1388874286
29,5348,3.0,1378562147
29,5349,4.0,1399487241
29,5400,2.5,1378561828
29,5418,4.5,1323469572
29,5445,4.5,1378486459
29,5459,2.5,1378487613
29,5502,2.0,1378750181
29,5618,3.5,1413749026
29,5669,4.0,1378486913
29,5782,4.0,1378489788
29,5878,4.5,1378486135
29,5881,3.5,1378672606
29,5903,3.0,1378487161
29,5944,3.5,1379626461
29,5952,4.0,1413749220
29,6016,4.5,1323469690
29,6059,3.5,1378674157
29,6333,4.0,1399487342
29,6365,3.0,1437251511
29,6377,4.0,1399487419
29,6378,4.5,1378487603
29,6502,4.5,1378750209
29,6537,3.0,1437250915
29,6539,3.5,1413749274
29,6584,2.0,1378562129
29,6645,4.0,1378489010
29,6711,3.5,1378486840
29,6773,3.5,1399487196
29,6790,1.5,1399487802
29,6807,3.0,1378486865
29,6874,3.5,1413749348
29,6934,3.0,1437251502
29,7022,3.0,1323469561
29,7090,4.0,1323469770
29,7099,5.0,1323470131
29,7153,4.5,1323469726
29,7156,3.5,1430157387
29,7163,4.0,1378561816
29,7254,3.0,1378486507
29,7323,4.0,1378486130
29,7361,5.0,1323470164
29,7438,3.0,1413749351
29,7445,4.0,1388774960
29,7481,3.5,1378544159
29,7827,4.0,1406665433
29,7934,4.0,1378562068
29,8132,4.0,1379626647
29,8207,4.5,1378560887
29,8371,4.0,1414010100
29,8464,3.5,1388875181
29,8591,3.5,1414010096
29,8636,3.5,1399487243
29,8638,4.0,1378486143
29,8644,3.5,1378487080
29,8665,4.5,1323469575
29,8874,3.5,1378750237
29,8914,5.0,1328127762
29,8950,4.0,1334598999
29,8984,3.5,1378561934
29,26614,3.5,1437250513
29,26776,4.0,1399487210
29,27611,4.0,1430157479
29,27773,4.0,1378486331
29,27788,3.5,1323633899
29,27821,4.5,1324914042
29,27904,4.0,1437848206
29,30810,4.0,1393706733
29,30812,3.5,1393706744
29,31878,3.5,1413749345
29,32587,3.5,1413749258
29,32840,3.0,1323476980
29,33794,4.0,1323469558
29,34048,3.5,1387748889
29,34319,4.0,1378487008
29,34405,4.5,1323469729
29,35957,3.0,1388874144
29,36363,3.5,1323470199
29,36517,4.0,1378489062
29,37386,3.5,1387748916
29,37727,3.5,1437251152
29,39292,3.5,1378486103
29,40583,4.5,1378489125
29,41285,5.0,1378562055
29,44191,4.5,1378487170
29,44555,3.5,1430157357
29,44665,4.5,1378750400
29,45062,4.0,1388874124
29,45186,3.0,1437251033
29,45499,4.0,1399487360
29,46322,4.0,1323469714
29,46578,4.5,1378487596
29,46967,4.0,1378562113
29,48043,3.5,1406665034
29,48516,4.5,1378561600
29,48774,4.5,1387749266
29,48780,3.5,1323470124
29,48943,3.5,1390160277
29,49272,3.0,1323469709
29,49278,3.5,1323634606
29,49822,3.5,1378561925
29,50842,4.0,1378488212
29,51412,4.0,1379863751
29,51662,3.5,1387749532
29,51834,5.0,1334865850
29,51935,4.0,1378674244
29,52328,3.5,1378544177
29,52722,3.0,1378487430
29,53322,3.0,1378561907
29,53972,4.0,1437251171
29,54286,4.5,1323469577
29,54372,4.5,1378561468
29,55290,4.0,1388874599
29,55442,4.5,1387748632
29,55820,4.0,1388918716
29,55908,4.5,1387749323
29,56145,3.5,1378750191
29,56174,3.0,1387748799
29,56251,4.0,1378750111
29,57147,3.5,1378562135
29,57368,4.0,1378750133
29,57640,3.5,1399487322
29,57669,4.0,1413749293
29,58103,3.0,1388874012
29,58303,4.5,1378562547
29,58559,4.5,1378487239
29,59315,3.0,1323469699
29,59369,4.5,1378674250
29,60007,4.0,1390160306
29,60040,3.5,1378487348
29,60069,4.0,1323470118
29,60074,4.0,1399487379
29,60684,4.5,1378487201
29,60950,4.0,1378544071
29,61132,4.0,1378562328
29,61236,4.0,1387748621
29,62081,3.0,1437251069
29,62374,5.0,1413749279
29,62376,4.5,1387748823
29,62849,4.0,1388918812
29,63113,3.0,1437251077
29,64497,3.0,1378560733
29,64957,3.5,1393706741
29,65982,3.5,1414010094
29,66198,4.0,1378674181
29,68157,3.5,1378487592
29,68237,4.0,1323470152
29,68358,4.0,1323469702
29,68519,4.0,1328134848
29,68791,2.5,1387748796
29,68954,4.0,1323469762
29,69122,4.0,1387749550
29,70286,4.0,1378750153
29,71106,4.0,1378750074
29,71135,4.0,1378544171
29,71141,3.5,1323469833
29,71211,4.0,1378561931
29,71530,3.5,1378487104
29,71535,4.0,1378750219
29,72380,2.0,1387749238
29,72733,3.0,1378561895
29,72998,4.0,1323469547
29,73268,4.0,1387748880
29,73321,4.0,1387748836
29,73323,4.5,1413749272
29,74458,4.5,1323476361
29,74545,4.0,1324914255
29,74795,3.5,1378561928
29,74851,2.5,1324928072
29,77561,2.5,1378487358
29,77658,5.0,1323476965
29,77795,4.0,1387749219
29,79132,5.0,1323470102
29,79357,4.5,1378486553
29,79702,4.5,1413749304
29,80126,3.0,1379626539
29,80864,3.5,1378562143
29,81229,3.0,1437251118
29,81591,4.0,1378562217
29,82059,4.0,1414181849
29,82459,3.5,1378487810
29,82461,3.5,1437251322
29,84152,4.5,1378486933
29,84601,4.5,1324914287
29,84954,3.5,1378486961
29,85020,3.5,1388773976
29,85342,3.0,1378561737
29,85414,4.5,1334598988
29,86190,4.5,1393706762
29,86332,3.5,1378487339
29,86882,4.0,1378544005
29,87232,4.0,1399487333
29,87306,3.5,1378750186
29,88129,4.5,1327442283
29,88744,3.5,1387748886
29,89039,4.5,1378672574
29,89470,3.5,1378561910
29,89745,4.5,1378487297
29,90405,4.0,1323475698
29,90430,4.5,1378488153
29,90600,4.5,1378561523
29,90738,3.5,1378750383
29,91500,4.0,1387748831
29,91529,3.5,1378487268
29,91535,3.0,1378674102
29,91630,3.5,1437251034
29,91658,4.0,1378486919
29,91660,3.5,1378560710
29,91976,4.0,1413749321
29,91978,4.5,1413749290
29,92507,4.5,1378674003
29,93840,4.0,1378750212
29,94466,4.5,1430157354
29,94799,4.5,1388873995
29,94864,4.0,1378544186
29,95309,4.0,1378543950
29,95441,4.0,1387749588
29,95510,3.5,1378487381
29,95720,3.5,1378562365
29,95875,3.5,1378487072
29,96079,4.0,1387749327
29,96610,4.0,1378486494
29,96811,3.5,1378561681
29,97304,4.0,1378561755
29,97306,4.5,1388918829
29,97938,4.5,1384118155
29,98124,4.0,1406665388
29,98809,3.5,1378486159
29,98961,4.0,1393706613
29,99112,3.0,1437251200
29,99114,4.0,1387749379
29,100383,4.0,1388874443
29,101864,4.0,1393707094
29,102125,4.0,1399487305
29,102445,4.0,1379626430
29,102903,2.5,1394140741
29,103042,2.5,1393707081
29,103228,3.0,1394140745
29,103249,3.5,1394140760
29,103253,4.0,1378561915
29,103980,4.5,1378562036
29,104841,4.5,1394140697
29,105504,4.0,1384118148
29,105769,3.5,1387748609
29,105844,3.5,1394140699
29,106002,4.0,1384118034
29,106072,4.0,1384118017
29,106234,3.5,1387748695
29,106441,4.0,1399487490
29,106487,2.5,1394140707
29,106489,3.5,1394140738
29,106642,3.5,1394140684
29,106782,4.5,1390160286
29,106916,4.5,1392828952
29,106920,4.0,1406664948
29,107069,3.5,1393706598
29,107406,3.5,1437251498
29,108188,3.0,1437251048
29,108928,3.0,1393706650
29,109374,4.0,1399487273
29,109487,4.5,1430157348
29,109578,4.0,1413749327
29,109848,3.5,1437251574
29,110102,4.0,1399487295
29,110407,3.0,1437251453
29,110553,4.0,1399487237
29,110730,4.0,1437251354
29,111360,4.0,1437251219
29,111362,4.0,1406665359
29,111759,4.5,1406665343
29,112091,4.0,1414181669
29,112171,4.0,1413662981
29,112552,4.5,1437250550
29,112556,4.5,1413662967
29,112852,4.5,1412267337
29,113536,3.5,1414181846
29,113741,4.5,1413748930
29,114662,4.0,1437848333
29,114935,4.5,1437251365
29,115569,4.5,1437848023
29,115713,4.5,1437251368
29,122882,5.0,1437250557
29,122892,3.5,1437251547
29,122900,4.0,1437848514
29,132046,4.0,1437251318
29,136449,4.0,1437250726
29,137595,3.5,1437250651
29,138204,3.5,1437250524
30,50,4.0,948489192
30,233,4.0,948489192
30,247,4.0,948488451
30,291,2.0,948489099
30,318,4.0,948489192
30,592,2.0,948488451
30,800,4.0,948488994
30,905,5.0,948488897
30,908,4.0,948488451
30,919,5.0,948488994
30,951,5.0,948488994
30,965,5.0,948489099
30,970,4.0,948488451
30,1208,5.0,948489192
30,1212,5.0,948488897
30,1247,4.0,948489099
30,1252,5.0,948488897
30,1272,5.0,948489192
30,1340,5.0,948489192
30,1352,1.0,948488451
30,1734,4.0,948488994
30,1927,5.0,948488897
30,2028,4.0,948489099
30,2146,2.0,948488451
30,2330,4.0,948489099
30,2395,3.0,948489099
30,2488,3.0,948489192
30,2599,4.0,948488994
30,2677,4.0,948488897
30,2693,4.0,948488897
30,2732,5.0,948489192
30,3019,4.0,948489099
30,3022,5.0,948488994
30,3107,2.0,948488451
30,3134,5.0,948488994
30,3152,5.0,948489099
30,3198,4.0,948488897
30,3200,5.0,948488897
30,3211,4.0,948489192
30,3246,4.0,948488897
31,1,3.5,1266608479
31,10,4.0,1266609245
31,32,3.5,1266608649
31,34,3.0,1266609193
31,47,5.0,1266608801
31,50,5.0,1266608668
31,110,3.0,1266608283
31,150,3.5,1266608340
31,153,1.0,1266608879
31,165,3.0,1266608843
31,231,3.0,1266609072
31,260,4.0,1266608229
31,261,0.5,1266607520
31,282,1.0,1266607451
31,296,4.5,1266608081
31,315,0.5,1266607407
31,316,3.0,1266609011
31,318,3.5,1266608201
31,344,4.0,1266608760
31,349,3.5,1266609041
31,356,4.0,1266608137
31,367,2.5,1266609081
31,377,3.5,1266608727
31,380,4.0,1266608577
31,457,3.5,1266608311
31,480,3.5,1266608172
31,500,4.0,1266609046
31,589,4.0,1266608467
31,590,4.0,1266608535
31,592,3.5,1266608388
31,593,4.0,1266608155
31,597,1.0,1266609069
31,608,5.0,1266608661
31,648,3.5,1266608784
31,736,2.0,1266608892
31,762,1.0,1266607523
31,780,0.5,1266608518
31,785,4.5,1266607584
31,858,5.0,1266608831
31,913,4.5,1266607466
31,1097,2.5,1266609176
31,1196,5.0,1266608685
31,1198,5.0,1266608764
31,1210,5.0,1266608541
31,1240,5.0,1266609228
31,1265,4.0,1266609322
31,1270,4.5,1266608787
31,1275,3.5,1266607532
31,1302,3.0,1266607297
31,1375,3.0,1266607610
31,1408,2.5,1266607320
31,1580,3.0,1266609199
31,1597,3.0,1266607553
31,1721,0.5,1266609204
31,1876,3.0,1266607356
31,1909,4.0,1266607374
31,2028,3.5,1266608944
31,2571,4.0,1266608700
31,2628,1.5,1266609302
31,2762,3.5,1266608989
31,2770,3.5,1266607611
31,2858,4.0,1266608747
31,2890,4.5,1266607386
31,2959,5.0,1266609222
31,4993,3.5,1266609296
32,891,4.5,1381661049
32,1327,4.0,1381660891
32,1331,3.0,1381661390
32,1981,4.0,1381661185
32,1983,5.0,1381661103
32,1984,4.0,1381661210
32,2107,4.0,1381661011
32,2412,4.0,1381660855
32,2517,4.5,1381661036
32,2719,4.0,1381660790
32,2995,4.5,1381660904
32,3646,5.0,1381660964
32,6242,4.0,1381660960
32,6290,5.0,1381661261
32,33085,5.0,1381661274
33,520,4.0,1217111846
33,743,4.0,1217112063
33,1215,5.0,1217111862
33,1639,4.5,1217111840
33,1748,4.0,1217112019
33,2236,4.5,1217112571
33,2325,3.5,1217112633
33,3298,4.5,1217112230
33,4052,4.0,1217112578
33,4677,4.0,1217112541
33,5025,4.5,1217112558
33,5418,4.0,1217111853
33,45666,4.5,1217114117
33,46965,4.0,1217114015
33,54995,5.0,1217114133
34,163,3.0,1119385058
34,541,4.5,1119385210
34,543,3.0,1119385078
34,596,2.0,1119385094
34,608,4.0,1119385226
34,858,5.0,1119385176
34,903,5.0,1119385108
34,904,5.0,1119385520
34,908,4.5,1119385155
34,1136,2.5,1119385153
34,1193,4.0,1119385171
34,1219,4.0,1119385180
34,1221,4.5,1119385533
34,1485,1.0,1119385041
34,1500,3.0,1119385037
34,1617,3.5,1119385148
34,1625,3.0,1119385088
34,1639,2.5,1119385072
34,1732,4.0,1119385055
34,2186,4.0,1119385249
34,2353,3.0,1119385085
34,2406,3.5,1119385048
34,2599,3.5,1119385034
34,2692,4.0,1119385168
34,2699,1.5,1119385069
34,3000,4.0,1119385231
34,3030,4.5,1119385222
34,3088,4.0,1119385208
34,3996,4.5,1119385173
34,4027,4.0,1119385523
34,4226,4.0,1119385143
34,4886,4.0,1119385106
34,4973,4.5,1119385526
34,4993,4.5,1119385183
34,5060,4.0,1119385061
34,5445,2.5,1119385104
34,5618,4.5,1119385242
34,5952,4.5,1119385196
34,6016,4.0,1119385528
34,6350,4.0,1119385220
34,6787,5.0,1119385203
34,7361,4.0,1119385518
34,8874,4.5,1119385194
34,8961,3.5,1119385145
34,33794,5.0,1119385297
35,10,5.0,842915682
35,19,2.0,842915775
35,34,5.0,842915775
35,47,4.0,842915775
35,110,5.0,842915652
35,150,5.0,842915509
35,153,3.0,842915544
35,161,3.0,842915616
35,165,3.0,842915544
35,185,4.0,842915683
35,208,5.0,842915653
35,231,1.0,842915570
35,253,3.0,842915682
35,288,4.0,842915682
35,293,4.0,842915915
35,296,5.0,842915509
35,316,3.0,842915570
35,318,4.0,842915616
35,329,3.0,842915616
35,339,4.0,842915652
35,342,5.0,842915881
35,344,4.0,842915544
35,349,3.0,842915544
35,356,5.0,842915616
35,357,4.0,842915813
35,364,5.0,842915731
35,367,4.0,842915775
35,377,5.0,842915731
35,380,5.0,842915509
35,410,5.0,842915731
35,434,3.0,842915616
35,457,3.0,842915570
35,480,4.0,842915652
35,500,3.0,842915775
35,509,4.0,842915813
35,587,5.0,842915945
35,588,5.0,842915544
35,589,4.0,842915682
35,590,5.0,842915509
35,592,3.0,842915509
35,593,3.0,842915570
35,595,4.0,842915570
35,1029,5.0,842915915
36,1,4.5,1280920369
36,2,4.0,1281406802
36,6,4.5,1280833943
36,10,4.0,1281406183
36,16,4.5,1281407022
36,19,4.0,1281406724
36,25,5.0,1281406649
36,47,3.5,1280834333
36,48,4.0,1281407354
36,50,4.5,1280833216
36,95,2.5,1281406457
36,101,4.0,1297812421
36,104,3.5,1281406800
36,110,4.0,1281406134
36,153,2.5,1281405998
36,165,3.5,1281405930
36,208,1.5,1281406236
36,223,4.5,1280920289
36,231,5.0,1281406247
36,253,4.0,1281406556
36,260,5.0,1280833174
36,266,5.0,1281407174
36,288,3.5,1281406809
36,293,4.0,1280834270
36,296,5.0,1280834123
36,318,4.0,1280834696
36,337,4.0,1281406925
36,344,4.0,1281406044
36,356,4.5,1281405928
36,364,4.5,1281406011
36,367,4.0,1281406065
36,413,3.0,1280832324
36,434,4.0,1281406610
36,466,4.0,1281407257
36,474,4.0,1281406996
36,481,4.0,1280832341
36,500,4.0,1281406084
36,527,4.0,1280834293
36,541,4.5,1281406266
36,555,4.5,1280834136
36,586,4.0,1281406706
36,587,3.5,1281406177
36,588,4.0,1280833897
36,589,3.5,1280919912
36,590,4.5,1281406002
36,592,4.5,1281406005
36,595,4.0,1281405959
36,596,4.0,1281407415
36,673,4.0,1281417690
36,733,3.0,1280833463
36,736,3.0,1281405977
36,750,4.5,1280833039
36,778,4.0,1280834488
36,780,3.0,1281406126
36,785,4.0,1281417472
36,805,4.0,1281407401
36,858,3.5,1280833053
36,912,4.0,1280832901
36,913,4.0,1280834390
36,919,4.5,1281406897
36,920,3.5,1281406937
36,971,4.5,1281407501
36,1020,3.5,1280832301
36,1028,4.0,1281407228
36,1029,4.0,1281417687
36,1036,4.5,1281406473
36,1061,4.0,1281417643
36,1073,4.5,1281406446
36,1080,4.5,1281406573
36,1089,4.5,1280834281
36,1090,4.0,1281407096
36,1094,3.0,1281407211
36,1101,4.0,1281406718
36,1136,3.5,1280833084
36,1185,4.0,1280832346
36,1196,5.0,1280834337
36,1198,4.0,1280834275
36,1206,4.0,1280920101
36,1208,4.0,1280834306
36,1210,5.0,1281406206
36,1213,4.5,1280834168
36,1220,4.5,1281406581
36,1221,4.0,1280833055
36,1222,4.0,1280834231
36,1230,4.0,1281407142
36,1234,5.0,1280834299
36,1240,4.0,1281406142
36,1250,5.0,1280834367
36,1254,5.0,1280834422
36,1259,4.0,1281406518
36,1262,4.0,1280834234
36,1263,4.0,1281417372
36,1270,4.5,1297812428
36,1276,5.0,1280834034
36,1284,4.0,1280834852
36,1288,4.0,1280920687
36,1291,4.5,1329514893
36,1304,4.0,1280920612
36,1307,3.0,1281406387
36,1370,3.5,1281406983
36,1377,4.0,1281407380
36,1380,4.0,1281406768
36,1385,3.5,1280832329
36,1407,3.0,1281406633
36,1466,5.0,1281417388
36,1485,4.0,1281406739
36,1500,3.5,1281406795
36,1517,4.0,1281406376
36,1527,3.0,1281406158
36,1552,3.5,1281407105
36,1562,1.5,1281417581
36,1573,3.0,1281406759
36,1580,3.0,1281405987
36,1584,2.0,1281406921
36,1588,1.5,1280832683
36,1617,3.5,1280834319
36,1619,4.0,1280832645
36,1641,3.0,1281406621
36,1653,3.5,1281406506
36,1676,4.0,1281406822
36,1721,2.5,1281406171
36,1729,4.0,1281407248
36,1732,5.0,1280920739
36,1779,0.5,1280832316
36,1831,2.0,1281417681
36,1911,1.0,1280832287
36,1917,3.0,1281406540
36,1923,3.5,1281406104
36,1961,4.0,1281406424
36,1967,4.0,1281417610
36,2005,4.0,1280834011
36,2006,2.0,1281406890
36,2019,5.0,1280833168
36,2028,4.5,1281406015
36,2078,4.5,1281417435
36,2115,4.0,1281406369
36,2194,4.5,1281406543
36,2318,4.0,1280921598
36,2329,4.0,1280832895
36,2353,2.0,1281407039
36,2378,3.5,1280832336
36,2387,4.0,1280921546
36,2395,4.5,1280920849
36,2474,5.0,1280834044
36,2529,2.0,1281407078
36,2542,4.0,1280919845
36,2567,0.5,1280832666
36,2571,4.0,1280833092
36,2572,2.5,1281407359
36,2617,2.5,1281406514
36,2628,2.0,1281406963
36,2657,4.5,1281407222
36,2671,3.0,1281407026
36,2699,1.5,1281406829
36,2700,4.0,1281406413
36,2701,1.5,1281417310
36,2706,3.0,1281406191
36,2710,3.0,1281406546
36,2728,4.5,1280920002
36,2762,3.0,1281406026
36,2791,5.0,1281406383
36,2858,4.0,1280834351
36,2890,2.5,1281407030
36,2916,4.0,1280833985
36,2918,4.5,1281406494
36,2944,4.0,1280832291
36,2959,3.5,1280833046
36,2985,3.5,1281406743
36,2987,4.0,1281406231
36,2993,3.5,1280832674
36,3052,3.5,1281406560
36,3081,2.5,1281407183
36,3114,4.0,1280920376
36,3147,4.0,1281406698
36,3173,3.0,1280832691
36,3176,4.0,1281406684
36,3210,4.0,1281417532
36,3252,5.0,1280833929
36,3362,4.0,1297812518
36,3421,4.0,1280920367
36,3448,3.5,1281407002
36,3467,4.5,1281407521
36,3468,4.5,1280834239
36,3489,4.5,1281417230
36,3527,4.0,1280834913
36,3535,4.0,1281417337
36,3578,4.0,1281406855
36,3593,0.5,1280832703
36,3617,2.5,1281417427
36,3623,3.0,1281406258
36,3751,2.0,1281406213
36,3753,3.0,1281406628
36,3897,4.0,1281406203
36,3948,3.0,1281406310
36,3949,4.0,1280834482
36,3977,2.5,1281406396
36,3994,2.0,1281406732
36,3996,4.0,1281405984
36,4011,4.0,1281406589
36,4018,2.0,1281407287
36,4027,3.0,1281406292
36,4191,3.5,1280833908
36,4226,3.5,1280833087
36,4235,4.0,1280834221
36,4239,4.0,1281417298
36,4246,2.5,1281407147
36,4262,4.5,1281407067
36,4306,4.0,1281406313
36,4308,3.5,1281406701
36,4344,2.0,1281417555
36,4367,1.5,1281417490
36,4447,2.5,1281407160
36,4643,1.5,1281407311
36,4720,2.0,1281407132
36,4734,3.5,1280921681
36,4878,4.0,1281406416
36,4886,4.0,1297631112
36,4896,1.5,1280835268
36,4963,3.0,1281405938
36,4979,4.0,1280919833
36,4993,5.0,1281406280
36,4995,3.5,1281405943
36,5110,4.5,1280834892
36,5218,3.5,1281406643
36,5225,4.0,1280835147
36,5300,4.0,1280833614
36,5349,3.5,1281406038
36,5377,2.5,1280833815
36,5378,3.0,1281406399
36,5385,4.5,1280834459
36,5445,2.5,1280919900
36,5459,2.5,1281406848
36,5481,4.0,1281407045
36,5502,1.5,1281406479
36,5669,4.0,1281406301
36,5816,2.0,1280835258
36,5903,2.5,1280919881
36,5952,5.0,1281406073
36,5956,4.0,1281407299
36,5989,3.5,1281406165
36,6016,4.0,1280832903
36,6333,3.5,1281406033
36,6344,3.5,1280833560
36,6365,3.5,1281406132
36,6373,2.0,1281406841
36,6377,4.5,1281406110
36,6378,3.0,1281406729
36,6482,4.5,1280919719
36,6502,3.5,1280833587
36,6534,1.0,1281417453
36,6537,3.0,1281406790
36,6620,4.0,1297812180
36,6664,4.0,1280834935
36,6711,5.0,1280833996
36,6863,3.0,1281406656
36,6870,4.0,1281406944
36,6874,4.5,1280834099
36,6934,2.5,1281406270
36,6936,4.0,1281417601
36,6947,4.0,1281407234
36,6953,3.5,1280833591
36,7143,4.5,1281406602
36,7153,5.0,1281405955
36,7254,4.0,1281407322
36,7438,4.5,1280834111
36,7445,3.0,1281417568
36,7458,2.5,1281417041
36,7502,4.5,1297631131
36,7669,2.0,1280920769
36,8056,4.0,1281407523
36,8360,3.5,1281406058
36,8361,2.0,1281417193
36,8368,2.0,1280835248
36,8528,4.0,1281417293
36,8636,3.5,1281406052
36,8644,2.0,1281406886
36,8784,4.0,1280920980
36,8874,3.5,1280920876
36,8949,4.0,1280920355
36,8961,4.0,1280920512
36,8983,3.5,1297631125
36,27773,4.0,1280834404
36,30749,3.5,1280834765
36,30793,2.5,1281406693
36,30812,3.0,1281407418
36,31410,4.5,1280834227
36,32587,4.0,1281405922
36,33166,4.0,1281406677
36,33493,4.0,1281406189
36,33794,4.5,1281405974
36,34048,2.0,1281406913
36,34162,4.0,1281406709
36,34271,4.5,1297631124
36,35836,2.0,1281406438
36,38304,4.0,1280834456
36,40819,4.0,1281406976
36,41566,4.0,1281406686
36,41997,4.0,1281407369
36,44191,4.0,1280919869
36,44555,3.5,1280833077
36,44665,4.0,1281407192
36,45720,2.0,1281417667
36,45728,4.0,1280920293
36,46578,4.0,1280919852
36,47610,2.0,1281407117
36,48385,4.0,1281406443
36,48394,4.0,1280834469
36,48516,4.5,1280834204
36,48774,2.0,1281406433
36,49272,3.5,1281405962
36,49530,3.5,1281406949
36,51540,3.5,1297631105
36,51662,3.5,1280833607
36,52281,4.0,1281417404
36,52722,2.0,1281407347
36,52973,2.5,1281407137
36,53000,3.0,1281417361
36,53024,4.0,1297812146
36,53322,2.0,1281417153
36,53956,4.0,1280921614
36,53996,2.0,1281407060
36,54503,4.0,1280920388
36,54997,4.0,1280833797
36,55820,4.0,1280834323
36,56174,3.0,1281406535
36,56367,4.0,1281406221
36,56782,4.5,1281407391
36,57669,4.0,1280919761
36,58559,4.0,1280834202
36,59615,3.0,1281406863
36,60069,4.5,1280919889
36,61024,4.0,1280834881
36,61323,3.0,1280921631
36,63072,4.0,1280919923
36,63082,4.0,1281406331
36,64614,4.0,1281406782
36,64839,4.0,1280834430
36,67997,4.5,1280920712
36,68157,4.0,1280834383
36,69122,3.5,1281406277
36,69481,4.0,1281407264
36,70286,4.0,1281406320
36,71535,3.5,1280921014
36,72226,4.0,1280920671
36,72998,3.0,1281406119
36,73101,4.0,1280920824
36,73321,1.5,1280834068
36,73344,4.0,1280834193
36,74458,3.5,1281406491
36,74789,2.0,1280835227
36,76251,2.5,1280920718
36,77307,3.5,1281407573
36,78321,2.0,1281406337
36,78499,4.5,1281405901
36,79057,3.5,1280834916
36,79132,2.5,1280833071
36,79695,3.5,1297812104
36,80219,4.0,1297812070
36,80969,3.5,1297811947
36,81158,4.0,1297289906
36,81562,3.5,1297811975
36,81591,4.5,1297289876
36,81819,4.0,1297630922
36,81834,2.5,1297630927
36,85774,4.0,1329514173
36,88129,4.5,1329514139
36,88744,1.5,1329514370
36,89470,2.0,1329514353
36,90531,3.5,1329514431
37,45,2.5,1117788577
37,105,0.5,1117788562
37,145,4.0,1117788601
37,198,4.0,1117788617
37,783,1.5,1117788566
37,1084,3.0,1117788602
37,1276,4.5,1117788606
37,1282,2.5,1117788611
37,1285,4.0,1117788613
37,1674,3.5,1117788581
37,1722,3.5,1117788621
37,1777,3.5,1117788579
37,1997,2.0,1117788608
37,2006,1.0,1117788568
37,2770,4.5,1117788604
37,3052,1.5,1117788562
37,3101,3.5,1117788564
37,3418,4.0,1117788576
37,4886,2.5,1117788570
37,33166,3.5,1117788665
37,33493,5.0,1117788667
38,1,2.0,1333520458
38,6,5.0,1333536399
38,16,4.0,1333536444
38,29,4.0,1333536440
38,32,5.0,1333520225
38,47,5.0,1333520425
38,50,4.5,1333543315
38,110,4.0,1333520252
38,111,3.5,1333541702
38,223,1.5,1333520268
38,260,5.0,1333519997
38,293,4.0,1333520371
38,296,4.5,1333543266
38,307,3.0,1333542510
38,319,2.0,1333519705
38,327,4.0,1333519641
38,356,2.0,1333520315
38,431,2.5,1333542371
38,457,3.5,1333520320
38,541,5.0,1333536375
38,551,2.0,1333543390
38,555,3.0,1333543385
38,589,4.0,1333520452
38,593,4.0,1333520085
